* SPICE Input for A, B, and OPCODE signals with custom sequences

* Parameters
.param period = 4e-08
.param voltage = 1.2
.param end_time = 4e-07
.param tr = 1e-12
.param tf = 1e-12

V_A0 A0 0 PWL(0 0 1e-12 1.2 3.9999e-08 1.2 4e-08 0 4.0001e-08 0 7.9999e-08 0 8e-08 0 8.0001e-08 1.2 1.19999e-07 1.2 1.2e-07 0 1.20001e-07 0 1.5999899999999998e-07 0 1.5999999999999998e-07 0 1.6000099999999998e-07 1.2 1.9999899999999996e-07 1.2 1.9999999999999996e-07 0 2.0000099999999997e-07 0 2.3999899999999995e-07 0 2.399999999999999e-07 0 2.400009999999999e-07 1.2 2.799989999999999e-07 1.2 2.7999999999999986e-07 0 2.8000099999999983e-07 0 3.199989999999998e-07 0 3.199999999999998e-07 0 3.2000099999999977e-07 1.2 3.5999899999999975e-07 1.2 3.5999999999999973e-07 0 3.600009999999997e-07 0 3.999989999999997e-07 0 3.9999999999999966e-07 0)
V_A1 A1 0 PWL(0 0 1e-12 0 3.9999e-08 0 4e-08 0 4.0001e-08 0 7.9999e-08 0 8e-08 0 8.0001e-08 0 1.19999e-07 0 1.2e-07 0 1.20001e-07 0 1.5999899999999998e-07 0 1.5999999999999998e-07 0 1.6000099999999998e-07 0 1.9999899999999996e-07 0 1.9999999999999996e-07 0 2.0000099999999997e-07 0 2.3999899999999995e-07 0 2.399999999999999e-07 0 2.400009999999999e-07 0 2.799989999999999e-07 0 2.7999999999999986e-07 0 2.8000099999999983e-07 0 3.199989999999998e-07 0 3.199999999999998e-07 0 3.2000099999999977e-07 0 3.5999899999999975e-07 0 3.5999999999999973e-07 0 3.600009999999997e-07 0 3.999989999999997e-07 0 3.9999999999999966e-07 0 4.0000099999999964e-07 0 4.399989999999996e-07 0 4.399999999999996e-07 0)
V_A2 A2 0 PWL(0 0 1e-12 0 3.9999e-08 0 4e-08 0 4.0001e-08 0 7.9999e-08 0 8e-08 0 8.0001e-08 0 1.19999e-07 0 1.2e-07 0 1.20001e-07 0 1.5999899999999998e-07 0 1.5999999999999998e-07 0 1.6000099999999998e-07 0 1.9999899999999996e-07 0 1.9999999999999996e-07 0 2.0000099999999997e-07 0 2.3999899999999995e-07 0 2.399999999999999e-07 0 2.400009999999999e-07 0 2.799989999999999e-07 0 2.7999999999999986e-07 0 2.8000099999999983e-07 0 3.199989999999998e-07 0 3.199999999999998e-07 0 3.2000099999999977e-07 0 3.5999899999999975e-07 0 3.5999999999999973e-07 0 3.600009999999997e-07 0 3.999989999999997e-07 0 3.9999999999999966e-07 0 4.0000099999999964e-07 0 4.399989999999996e-07 0 4.399999999999996e-07 0)
V_A3 A3 0 PWL(0 0 1e-12 0 3.9999e-08 0 4e-08 0 4.0001e-08 0 7.9999e-08 0 8e-08 0 8.0001e-08 0 1.19999e-07 0 1.2e-07 0 1.20001e-07 0 1.5999899999999998e-07 0 1.5999999999999998e-07 0 1.6000099999999998e-07 0 1.9999899999999996e-07 0 1.9999999999999996e-07 0 2.0000099999999997e-07 0 2.3999899999999995e-07 0 2.399999999999999e-07 0 2.400009999999999e-07 0 2.799989999999999e-07 0 2.7999999999999986e-07 0 2.8000099999999983e-07 0 3.199989999999998e-07 0 3.199999999999998e-07 0 3.2000099999999977e-07 0 3.5999899999999975e-07 0 3.5999999999999973e-07 0 3.600009999999997e-07 0 3.999989999999997e-07 0 3.9999999999999966e-07 0 4.0000099999999964e-07 0 4.399989999999996e-07 0 4.399999999999996e-07 0)
V_A4 A4 0 PWL(0 0 1e-12 0 3.9999e-08 0 4e-08 0 4.0001e-08 0 7.9999e-08 0 8e-08 0 8.0001e-08 0 1.19999e-07 0 1.2e-07 0 1.20001e-07 0 1.5999899999999998e-07 0 1.5999999999999998e-07 0 1.6000099999999998e-07 0 1.9999899999999996e-07 0 1.9999999999999996e-07 0 2.0000099999999997e-07 0 2.3999899999999995e-07 0 2.399999999999999e-07 0 2.400009999999999e-07 0 2.799989999999999e-07 0 2.7999999999999986e-07 0 2.8000099999999983e-07 0 3.199989999999998e-07 0 3.199999999999998e-07 0 3.2000099999999977e-07 0 3.5999899999999975e-07 0 3.5999999999999973e-07 0 3.600009999999997e-07 0 3.999989999999997e-07 0 3.9999999999999966e-07 0 4.0000099999999964e-07 0 4.399989999999996e-07 0 4.399999999999996e-07 0)
V_A5 A5 0 PWL(0 0 1e-12 0 3.9999e-08 0 4e-08 0 4.0001e-08 0 7.9999e-08 0 8e-08 0 8.0001e-08 0 1.19999e-07 0 1.2e-07 0 1.20001e-07 0 1.5999899999999998e-07 0 1.5999999999999998e-07 0 1.6000099999999998e-07 0 1.9999899999999996e-07 0 1.9999999999999996e-07 0 2.0000099999999997e-07 0 2.3999899999999995e-07 0 2.399999999999999e-07 0 2.400009999999999e-07 0 2.799989999999999e-07 0 2.7999999999999986e-07 0 2.8000099999999983e-07 0 3.199989999999998e-07 0 3.199999999999998e-07 0 3.2000099999999977e-07 0 3.5999899999999975e-07 0 3.5999999999999973e-07 0 3.600009999999997e-07 0 3.999989999999997e-07 0 3.9999999999999966e-07 0 4.0000099999999964e-07 0 4.399989999999996e-07 0 4.399999999999996e-07 0)
V_A6 A6 0 PWL(0 0 1e-12 0 3.9999e-08 0 4e-08 0 4.0001e-08 0 7.9999e-08 0 8e-08 0 8.0001e-08 0 1.19999e-07 0 1.2e-07 0 1.20001e-07 0 1.5999899999999998e-07 0 1.5999999999999998e-07 0 1.6000099999999998e-07 0 1.9999899999999996e-07 0 1.9999999999999996e-07 0 2.0000099999999997e-07 0 2.3999899999999995e-07 0 2.399999999999999e-07 0 2.400009999999999e-07 0 2.799989999999999e-07 0 2.7999999999999986e-07 0 2.8000099999999983e-07 0 3.199989999999998e-07 0 3.199999999999998e-07 0 3.2000099999999977e-07 0 3.5999899999999975e-07 0 3.5999999999999973e-07 0 3.600009999999997e-07 0 3.999989999999997e-07 0 3.9999999999999966e-07 0 4.0000099999999964e-07 0 4.399989999999996e-07 0 4.399999999999996e-07 0)
V_A7 A7 0 PWL(0 0 1e-12 0 3.9999e-08 0 4e-08 0 4.0001e-08 0 7.9999e-08 0 8e-08 0 8.0001e-08 0 1.19999e-07 0 1.2e-07 0 1.20001e-07 0 1.5999899999999998e-07 0 1.5999999999999998e-07 0 1.6000099999999998e-07 0 1.9999899999999996e-07 0 1.9999999999999996e-07 0 2.0000099999999997e-07 0 2.3999899999999995e-07 0 2.399999999999999e-07 0 2.400009999999999e-07 0 2.799989999999999e-07 0 2.7999999999999986e-07 0 2.8000099999999983e-07 0 3.199989999999998e-07 0 3.199999999999998e-07 0 3.2000099999999977e-07 0 3.5999899999999975e-07 0 3.5999999999999973e-07 0 3.600009999999997e-07 0 3.999989999999997e-07 0 3.9999999999999966e-07 0 4.0000099999999964e-07 0 4.399989999999996e-07 0 4.399999999999996e-07 0)
V_B0 B0 0 PWL(0 0 1e-12 0 3.9999e-08 0 4e-08 0 4.0001e-08 0 7.9999e-08 0 8e-08 0 8.0001e-08 1.2 1.19999e-07 1.2 1.2e-07 0 1.20001e-07 1.2 1.5999899999999998e-07 1.2 1.5999999999999998e-07 0 1.6000099999999998e-07 0 1.9999899999999996e-07 0 1.9999999999999996e-07 0 2.0000099999999997e-07 0 2.3999899999999995e-07 0 2.399999999999999e-07 0 2.400009999999999e-07 1.2 2.799989999999999e-07 1.2 2.7999999999999986e-07 0 2.8000099999999983e-07 1.2 3.199989999999998e-07 1.2 3.199999999999998e-07 0 3.2000099999999977e-07 0 3.5999899999999975e-07 0 3.5999999999999973e-07 0 3.600009999999997e-07 0 3.999989999999997e-07 0 3.9999999999999966e-07 0)
V_B1 B1 0 PWL(0 0 1e-12 0 3.9999e-08 0 4e-08 0 4.0001e-08 0 7.9999e-08 0 8e-08 0 8.0001e-08 0 1.19999e-07 0 1.2e-07 0 1.20001e-07 0 1.5999899999999998e-07 0 1.5999999999999998e-07 0 1.6000099999999998e-07 0 1.9999899999999996e-07 0 1.9999999999999996e-07 0 2.0000099999999997e-07 0 2.3999899999999995e-07 0 2.399999999999999e-07 0 2.400009999999999e-07 0 2.799989999999999e-07 0 2.7999999999999986e-07 0 2.8000099999999983e-07 0 3.199989999999998e-07 0 3.199999999999998e-07 0 3.2000099999999977e-07 0 3.5999899999999975e-07 0 3.5999999999999973e-07 0 3.600009999999997e-07 0 3.999989999999997e-07 0 3.9999999999999966e-07 0 4.0000099999999964e-07 0 4.399989999999996e-07 0 4.399999999999996e-07 0)
V_B2 B2 0 PWL(0 0 1e-12 0 3.9999e-08 0 4e-08 0 4.0001e-08 0 7.9999e-08 0 8e-08 0 8.0001e-08 0 1.19999e-07 0 1.2e-07 0 1.20001e-07 0 1.5999899999999998e-07 0 1.5999999999999998e-07 0 1.6000099999999998e-07 0 1.9999899999999996e-07 0 1.9999999999999996e-07 0 2.0000099999999997e-07 0 2.3999899999999995e-07 0 2.399999999999999e-07 0 2.400009999999999e-07 0 2.799989999999999e-07 0 2.7999999999999986e-07 0 2.8000099999999983e-07 0 3.199989999999998e-07 0 3.199999999999998e-07 0 3.2000099999999977e-07 0 3.5999899999999975e-07 0 3.5999999999999973e-07 0 3.600009999999997e-07 0 3.999989999999997e-07 0 3.9999999999999966e-07 0 4.0000099999999964e-07 0 4.399989999999996e-07 0 4.399999999999996e-07 0)
V_B3 B3 0 PWL(0 0 1e-12 0 3.9999e-08 0 4e-08 0 4.0001e-08 0 7.9999e-08 0 8e-08 0 8.0001e-08 0 1.19999e-07 0 1.2e-07 0 1.20001e-07 0 1.5999899999999998e-07 0 1.5999999999999998e-07 0 1.6000099999999998e-07 0 1.9999899999999996e-07 0 1.9999999999999996e-07 0 2.0000099999999997e-07 0 2.3999899999999995e-07 0 2.399999999999999e-07 0 2.400009999999999e-07 0 2.799989999999999e-07 0 2.7999999999999986e-07 0 2.8000099999999983e-07 0 3.199989999999998e-07 0 3.199999999999998e-07 0 3.2000099999999977e-07 0 3.5999899999999975e-07 0 3.5999999999999973e-07 0 3.600009999999997e-07 0 3.999989999999997e-07 0 3.9999999999999966e-07 0 4.0000099999999964e-07 0 4.399989999999996e-07 0 4.399999999999996e-07 0)
V_B4 B4 0 PWL(0 0 1e-12 0 3.9999e-08 0 4e-08 0 4.0001e-08 0 7.9999e-08 0 8e-08 0 8.0001e-08 0 1.19999e-07 0 1.2e-07 0 1.20001e-07 0 1.5999899999999998e-07 0 1.5999999999999998e-07 0 1.6000099999999998e-07 0 1.9999899999999996e-07 0 1.9999999999999996e-07 0 2.0000099999999997e-07 0 2.3999899999999995e-07 0 2.399999999999999e-07 0 2.400009999999999e-07 0 2.799989999999999e-07 0 2.7999999999999986e-07 0 2.8000099999999983e-07 0 3.199989999999998e-07 0 3.199999999999998e-07 0 3.2000099999999977e-07 0 3.5999899999999975e-07 0 3.5999999999999973e-07 0 3.600009999999997e-07 0 3.999989999999997e-07 0 3.9999999999999966e-07 0 4.0000099999999964e-07 0 4.399989999999996e-07 0 4.399999999999996e-07 0)
V_B5 B5 0 PWL(0 0 1e-12 0 3.9999e-08 0 4e-08 0 4.0001e-08 0 7.9999e-08 0 8e-08 0 8.0001e-08 0 1.19999e-07 0 1.2e-07 0 1.20001e-07 0 1.5999899999999998e-07 0 1.5999999999999998e-07 0 1.6000099999999998e-07 0 1.9999899999999996e-07 0 1.9999999999999996e-07 0 2.0000099999999997e-07 0 2.3999899999999995e-07 0 2.399999999999999e-07 0 2.400009999999999e-07 0 2.799989999999999e-07 0 2.7999999999999986e-07 0 2.8000099999999983e-07 0 3.199989999999998e-07 0 3.199999999999998e-07 0 3.2000099999999977e-07 0 3.5999899999999975e-07 0 3.5999999999999973e-07 0 3.600009999999997e-07 0 3.999989999999997e-07 0 3.9999999999999966e-07 0 4.0000099999999964e-07 0 4.399989999999996e-07 0 4.399999999999996e-07 0)
V_B6 B6 0 PWL(0 0 1e-12 0 3.9999e-08 0 4e-08 0 4.0001e-08 0 7.9999e-08 0 8e-08 0 8.0001e-08 0 1.19999e-07 0 1.2e-07 0 1.20001e-07 0 1.5999899999999998e-07 0 1.5999999999999998e-07 0 1.6000099999999998e-07 0 1.9999899999999996e-07 0 1.9999999999999996e-07 0 2.0000099999999997e-07 0 2.3999899999999995e-07 0 2.399999999999999e-07 0 2.400009999999999e-07 0 2.799989999999999e-07 0 2.7999999999999986e-07 0 2.8000099999999983e-07 0 3.199989999999998e-07 0 3.199999999999998e-07 0 3.2000099999999977e-07 0 3.5999899999999975e-07 0 3.5999999999999973e-07 0 3.600009999999997e-07 0 3.999989999999997e-07 0 3.9999999999999966e-07 0 4.0000099999999964e-07 0 4.399989999999996e-07 0 4.399999999999996e-07 0)
V_B7 B7 0 PWL(0 0 1e-12 0 3.9999e-08 0 4e-08 0 4.0001e-08 0 7.9999e-08 0 8e-08 0 8.0001e-08 0 1.19999e-07 0 1.2e-07 0 1.20001e-07 0 1.5999899999999998e-07 0 1.5999999999999998e-07 0 1.6000099999999998e-07 0 1.9999899999999996e-07 0 1.9999999999999996e-07 0 2.0000099999999997e-07 0 2.3999899999999995e-07 0 2.399999999999999e-07 0 2.400009999999999e-07 0 2.799989999999999e-07 0 2.7999999999999986e-07 0 2.8000099999999983e-07 0 3.199989999999998e-07 0 3.199999999999998e-07 0 3.2000099999999977e-07 0 3.5999899999999975e-07 0 3.5999999999999973e-07 0 3.600009999999997e-07 0 3.999989999999997e-07 0 3.9999999999999966e-07 0 4.0000099999999964e-07 0 4.399989999999996e-07 0 4.399999999999996e-07 0)
V_OPCODE0 OPCODE[0] 0 PWL(0 0 1e-12 0 3.1999900000000003e-07 0 3.2e-07 0 3.20001e-07 0 6.39999e-07 0 6.4e-07 0 6.40001e-07 0 9.59999e-07 0 9.600000000000001e-07 0 9.600010000000002e-07 0 1.2799990000000002e-06 0 1.2800000000000002e-06 0 1.2800010000000003e-06 1.2 1.5999990000000003e-06 1.2 1.6000000000000004e-06 0 1.6000010000000004e-06 1.2 1.9199990000000004e-06 1.2 1.9200000000000003e-06 0 1.920001e-06 1.2 2.2399990000000003e-06 1.2 2.24e-06 0 2.240001e-06 1.2 2.559999e-06 1.2 2.5599999999999996e-06 0)
V_OPCODE1 OPCODE[1] 0 PWL(0 0 1e-12 0 3.1999900000000003e-07 0 3.2e-07 0 3.20001e-07 0 6.39999e-07 0 6.4e-07 0 6.40001e-07 1.2 9.59999e-07 1.2 9.600000000000001e-07 0 9.600010000000002e-07 1.2 1.2799990000000002e-06 1.2 1.2800000000000002e-06 0 1.2800010000000003e-06 0 1.5999990000000003e-06 0 1.6000000000000004e-06 0 1.6000010000000004e-06 0 1.9199990000000004e-06 0 1.9200000000000003e-06 0 1.920001e-06 1.2 2.2399990000000003e-06 1.2 2.24e-06 0 2.240001e-06 1.2 2.559999e-06 1.2 2.5599999999999996e-06 0)
V_OPCODE2 OPCODE[2] 0 PWL(0 0 1e-12 0 3.1999900000000003e-07 0 3.2e-07 0 3.20001e-07 1.2 6.39999e-07 1.2 6.4e-07 0 6.40001e-07 0 9.59999e-07 0 9.600000000000001e-07 0 9.600010000000002e-07 1.2 1.2799990000000002e-06 1.2 1.2800000000000002e-06 0 1.2800010000000003e-06 0 1.5999990000000003e-06 0 1.6000000000000004e-06 0 1.6000010000000004e-06 1.2 1.9199990000000004e-06 1.2 1.9200000000000003e-06 0 1.920001e-06 0 2.2399990000000003e-06 0 2.24e-06 0 2.240001e-06 1.2 2.559999e-06 1.2 2.5599999999999996e-06 0)
